north: 11
south: 10
east: -84
west: -85
rows: 28
cols: 28
1 1 1 1 3 3 3 3 5 5 6 6 6 6 9 9 9 9 10 10 15 15 15 15 13 13 15 15 
1 1 1 1 3 3 3 3 5 5 6 6 6 6 9 9 9 9 10 10 15 15 15 15 13 13 15 15 
1 1 1 1 3 3 3 3 5 5 6 6 6 6 9 9 9 9 10 10 15 15 15 15 13 13 15 15 
1 1 1 1 3 3 3 3 5 5 6 6 6 6 9 9 9 9 10 10 15 15 15 15 13 13 15 15 
2 2 2 2 3 3 3 3 5 5 6 6 6 6 9 9 9 9 10 10 15 15 15 15 13 13 15 15 
2 2 2 2 3 3 3 3 5 5 6 6 6 6 9 9 9 9 10 10 15 15 15 15 13 13 15 15 
2 2 2 2 2 2 4 4 5 5 7 7 7 7 8 8 9 9 10 10 11 11 11 11 13 13 13 13 
2 2 2 2 2 2 4 4 5 5 7 7 7 7 8 8 9 9 10 10 11 11 11 11 13 13 13 13 
2 2 2 2 2 2 5 5 5 5 7 7 7 7 8 8 9 9 10 10 11 11 11 11 13 13 13 13 
2 2 2 2 2 2 5 5 5 5 7 7 7 7 8 8 9 9 10 10 11 11 11 11 13 13 13 13 
1 1 2 2 3 3 5 5 5 5 7 7 7 7 4 4 4 4 8 8 8 8 12 12 13 13 14 14 
1 1 2 2 3 3 5 5 5 5 7 7 7 7 4 4 4 4 8 8 8 8 12 12 13 13 14 14 
1 1 2 2 4 4 5 5 5 5 6 6 7 7 4 4 4 4 8 8 8 8 12 12 13 13 14 14 
1 1 2 2 4 4 5 5 5 5 6 6 7 7 4 4 4 4 8 8 8 8 12 12 13 13 14 14 
3 3 3 3 4 4 4 4 4 4 6 6 7 7 4 4 4 4 10 10 12 12 12 12 14 14 14 14 
3 3 3 3 4 4 4 4 4 4 6 6 7 7 4 4 4 4 10 10 12 12 12 12 14 14 14 14 
3 3 3 3 3 3 4 4 4 4 9 9 9 9 9 9 9 9 10 10 12 12 12 12 14 14 14 14 
3 3 3 3 3 3 4 4 4 4 9 9 9 9 9 9 9 9 10 10 12 12 12 12 14 14 14 14 
3 3 3 3 3 3 4 4 4 4 9 9 9 9 9 9 9 9 10 10 12 12 12 12 14 14 14 14 
3 3 3 3 3 3 4 4 4 4 9 9 9 9 9 9 9 9 10 10 12 12 12 12 14 14 14 14 
1 1 2 2 4 4 5 5 5 5 6 6 7 7 4 4 4 4 8 8 8 8 12 12 13 13 14 14 
1 1 2 2 4 4 5 5 5 5 6 6 7 7 4 4 4 4 8 8 8 8 12 12 13 13 14 14 
3 3 3 3 4 4 4 4 4 4 6 6 7 7 4 4 4 4 10 10 12 12 12 12 14 14 14 14 
3 3 3 3 4 4 4 4 4 4 6 6 7 7 4 4 4 4 10 10 12 12 12 12 14 14 14 14 
3 3 3 3 3 3 4 4 4 4 9 9 9 9 9 9 9 9 10 10 12 12 12 12 14 14 14 14 
3 3 3 3 3 3 4 4 4 4 9 9 9 9 9 9 9 9 10 10 12 12 12 12 14 14 14 14 
3 3 3 3 3 3 4 4 4 4 9 9 9 9 9 9 9 9 10 10 12 12 12 12 14 14 14 14 
3 3 3 3 3 3 4 4 4 4 9 9 9 9 9 9 9 9 10 10 12 12 12 12 14 14 14 14 
